function F=controlInput(t,state,stewart)
K =[ -0.0854    1.4559   -0.2199    0.5890    2.0053   -0.7272   -0.5343   -3.0301   -1.0041    1.0523    1.8227   -1.5622;...
   -0.5298   -1.0909   -0.6660   -1.0067    2.8033    0.8879   -0.0000    2.6360   -1.1590   -1.3180    2.2828    1.3383;...
   -1.2181   -0.8019   -0.2199   -2.0311   -0.4925   -0.7272    2.8913    1.0524   -1.0041   -2.1047   -0.0000   -1.5622;...
    1.2097    0.0866   -0.6660   -1.9244   -2.2735    0.8879   -2.2828   -1.3180   -1.1590   -1.3180   -2.2828    1.3383;...
    1.3035   -0.6540   -0.2199    1.4421   -1.5127   -0.7272   -2.3570    1.9778   -1.0042    1.0524   -1.8227   -1.5622;...
   -0.6799    1.0043   -0.6660    2.9311   -0.5298    0.8879    2.2828   -1.3180   -1.1590    2.6360   -0.0000    1.3383];
F=K*state;